PS1
49 46 32 83 84 65 82 84 10 50 46 32 73 78 80 85 84 32 110 117 109 98 101 114 32 110 10 51 46 32 83 69 84 32 115 117 109 61 48 44 32 116 101 109 112 32 61 32 110 10 52 46 32 82 69 80 69 65 84 32 117 110 116 105 108 32 116 101 109 112 32 78 79 84 32 69 81 85 65 76 32 84 79 32 48 10 53 46 32 83 69 84 32 114 101 109 97 105 110 100 101 114 32 61 32 116 101 109 112 32 37 32 49 48 10 54 46 32 83 69 84 32 115 117 109 32 61 32 115 117 109 32 43 32 40 114 101 109 97 105 110 100 101 114 32 42 32 114 101 109 97 105 110 100 101 114 32 42 32 114 101 109 97 105 110 100 101 114 41 10 55 46 32 85 80 68 65 84 69 32 116 101 109 112 32 61 32 116 101 109 112 47 49 48 10 56 46 32 73 70 32 115 117 109 32 69 81 85 65 76 83 32 110 10 9 56 46 49 32 80 82 73 78 84 32 39 89 69 83 39 10 57 46 32 69 76 83 69 10 9 57 46 49 32 80 82 73 78 84 32 39 78 79 39 10 49 48 46 32 83 84 79 80

PS2
49 46 32 83 84 65 82 84 10 50 46 32 73 78 80 85 84 32 110 117 109 98 101 114 32 110 10 51 46 32 83 69 84 32 115 117 109 61 48 44 32 116 101 109 112 32 61 32 110 10 52 46 32 83 69 84 32 99 111 117 110 116 32 61 32 67 79 85 78 84 32 79 70 32 68 73 71 73 84 83 32 73 78 32 110 10 53 46 32 82 69 80 69 65 84 32 117 110 116 105 108 32 116 101 109 112 32 78 79 84 32 69 81 85 65 76 32 84 79 32 48 10 54 46 32 83 69 84 32 114 101 109 97 105 110 100 101 114 32 61 32 116 101 109 112 32 37 32 49 48 10 55 46 32 83 69 84 32 115 117 109 32 61 32 115 117 109 32 43 32 40 114 101 109 97 105 110 100 101 114 32 94 32 99 111 117 110 116 41 10 56 46 32 85 80 68 65 84 69 32 116 101 109 112 32 61 32 116 101 109 112 47 49 48 10 57 46 32 73 70 32 115 117 109 32 69 81 85 65 76 83 32 110 10 9 57 46 49 32 80 82 73 78 84 32 39 89 69 83 39 10 49 48 46 32 69 76 83 69 10 9 49 48 46 49 32 80 82 73 78 84 32 39 78 79 39 10 49 49 46 32 83 84 79 80

PS3
49 46 32 83 84 65 82 84 10 50 46 32 73 78 80 85 84 32 115 116 114 105 110 103 32 39 115 39 10 51 46 32 83 69 84 32 76 32 61 32 76 69 78 71 84 72 40 115 41 10 52 46 32 83 69 84 32 114 101 118 32 65 83 32 101 109 112 116 121 32 115 116 114 105 110 103 10 53 46 32 83 69 84 32 105 32 61 32 76 32 45 32 49 10 54 46 32 82 69 80 69 65 84 32 117 110 116 105 108 32 105 62 61 48 10 9 54 46 49 32 83 69 84 32 114 101 118 32 61 32 114 101 118 32 43 32 67 104 97 114 97 99 116 101 114 32 97 116 32 112 111 115 105 116 105 111 110 32 39 105 39 32 111 102 32 116 104 101 32 115 116 114 105 110 103 10 9 54 46 50 32 105 32 61 32 105 32 8211 32 49 10 55 46 32 73 70 32 115 32 61 32 114 101 118 10 9 55 46 49 32 80 82 73 78 84 32 39 89 69 83 39 10 56 46 32 69 76 83 69 10 9 56 46 49 32 80 82 73 78 84 32 39 78 79 39 10 57 46 32 83 84 79 80

PS4
49 46 32 83 84 65 82 84 10 50 46 32 83 69 84 32 97 61 48 44 32 98 61 49 44 32 99 61 48 10 51 46 32 73 78 80 85 84 32 110 117 109 98 101 114 32 111 102 32 116 101 114 109 115 32 110 10 52 46 32 80 82 73 78 84 32 97 32 44 32 98 10 53 46 32 82 69 80 69 65 84 32 117 110 116 105 108 32 110 45 50 10 54 46 32 83 69 84 32 99 61 97 43 98 10 55 46 32 85 80 68 65 84 69 32 97 61 98 10 56 46 32 85 80 68 65 84 69 32 98 61 99 10 57 46 32 80 82 73 78 84 32 99 10 49 48 46 32 69 78 68